11996
2717605
3438303
20923958
21939783
23918150
367854
1012339
1204836
1324941
1363977
1373071
1376910
1460673
1494500
1515936
1682039
1682040
1715085
1788139
1923941
2033507
2086245
2207705
2217515
2356153
2359987
2409424
2409425
2409426
2421268
2436762
2485250
2526353
2538576
2538918
2664543
2714571
2755870
2760944
2766293
2838842
2862711
2864099
2923249
3114028
3197861
3202231
3215150
3226951
3295797
3384004
3393692
3430867
3432135
3437584
3513909
3627951
3656507
3676774
3786114
3801925
3956337
4007411
4010472
4043224
6283491
6302295
6472575
6473174
6482676
6522645
6607137
6697850
6734843
6740496
6855453
6862156
7021368
7063751
7079366
7092351
7154848
7173320
7255766
7479333
7563982
7569765
7705441
7716060
7778034
7809021
7813568
7829539
7846293
7858155
7868940
7944667
7972291
8170991
8191031
8221161
8242552
8313327
8313359
8322979
8387464
8403798
8447491
8630226
8795081
8959745
9175202
9213356
9254895
9344044
9376196
9402609
9486581
9539666
9650851
9657358
9713279
9815798
10362739
10455316
10480336
10619185
10717621
10881027
10982627
11058885
11111013
11485826
11495677
11953892
12031877
12047914
12592625
12676368
12678868
12692184
12711834
12807697
14499286
14660794
15068608
15165713
15177937
15204957
15350601
15653654
15680182
15746304
15788692
15853664
16023260
16040630
16051478
16117171
16243649
16264389
16293654
16322338
16459262
16505950
16603607
16801542
16908293
16963158
17208656
17308247
17332943
17372572
17629354
17870245
18003891
18201818
18220954
18454045
18563394
18567096
18622433
19019494
19032952
20131069
20233609
20410458
20491631
20727356
21849634
22050889
22329438
22619538
22751419
22868212
22926257
22971474
23451211
23708872
23863118
24247113
24530741
66429
360366
484913
492058
577626
651769
725844
786606
794557
920833
952568
953985
1017726
1069443
1078314
1212801
1212811
1704437
1768613
1839548
1860798
1932741
2032531
2133215
2186630
2190683
2225555
2299806
2643955
2715398
2790577
2818066
3056131
3063776
3078212
3385879
3565240
3573090
3741774
3871465
3968467
4607845
5485178
6196006
6229228
6672998
6754189
6758185
6760667
6816068
6948396
7038977
7725330
7788603
7954782
7979757
8010823
8073455
8075311
8156472
8222694
8433424
8457476
8571730
8607122
8740327
8769943
8822133
8950124
9296273
9360849
9360857
9384248
9425723
9619377
9725413
9855180
9932617
10796295
10815082
11022073
11023513
11288852
11565896
11755954
11882102
11945105
12074433
12365829
12917882
15907979
17126719
19110140
19875736
21868728
22419274
101819
124647
716435
786664
819792
831951
2078376
4886628
11993312
903050
1593138
2282093
2651763
5559044
7111007
7362484
7875785
7956563
8202764
8578476
8737971
8872989
9237336
9402309
10403031
11152386
11469043
12013508
12166704
12845230
12906892
14677163
15945564
16083850
16198390
16498830
16911815
17543881
17970854
18197810
18545005
18715131
19308897
19364169
19547954
19683199
20030446
20223258
22316194
23238991
23251606
23594438
23657358
23830987
8205048
12585096
20367987
6731405
1209541
1900221
9237341
18412793
174133
7913643
10779307
234677
1588674
3051054
8296375
11304508
17440808
17897713
22673782
22942338
303050
340247
641147
1136977
2170825
2233757
2312187
2314052
2389328
3191598
3275141
3286521
3537783
3599107
3716753
4588307
6625268
6696049
7071687
7234970
7347767
7493340
7603413
8036678
8082302
8083480
8693522
8755663
8779679
8896193
9371665
9413745
9430849
9509180
9522271
10029251
10600909
10606985
10623859
10868343
11136932
11208190
11253115
11278106
11344557
11441099
11446502
11525781
11764002
11926002
15521620
15619012
15619571
15730818
15802558
15813633
15830600
15854749
16251069
16782534
16817641
17175243
17258413
17307627
17506264
17991145
18455743
19439335
19695303
19825384
20305112
20702808
20850839
21614945
22666742
22888519
23588254
23711147
19169271
21530568
21841815
2077181
6083965
6202636
9440240
9637372
19236611
474306
546252
602341
838994
1172815
1359383
1551035
1897686
2419385
2627100
2737470
3189964
3349595
3711549
3770979
3816590
4032132
4071339
4152780
6146275
6177321
6194197
6619452
6699314
7313646
7430506
7472785
8006322
8054829
8238797
8703250
8765816
8833918
8835130
8933782
9062635
9257793
9623183
9739136
10335030
10442531
10506673
10584286
10643796
10793237
10843430
10898500
11039839
11207399
11340327
11344360
11394494
11527062
11731905
11815741
12031688
12109787
12464961
12536045
12569024
12717146
12723765
12755378
12782086
12856871
12885421
14522004
14614282
14644579
14722668
15057338
15311679
15336634
15459335
15777517
15882816
15894134
15950221
15953592
15985817
15999553
16221950
16295595
16315243
16457792
16541972
16599259
16621078
16774771
16889280
16937763
17213605
17303203
17363137
17544210
17555825
17629639
17989536
18212480
18226968
18300479
18376296
18445299
18631428
18790041
19001136
19010737
19038582
19538349
19627205
19721868
19839973
19853357
19969058
20034440
20034453
20379856
20401856
20447747
20457243
20461965
20558236
20696145
20821823
20857631
20950451
20950675
20951771
20952702
21061459
21061462
21265705
21356289
21368617
21447964
21682930
21715371
21756243
21843104
21889580
21928088
21963244
22104605
22109081
22217441
22409877
22632852
22898064
22995146
23076950
23121887
23176884
23317340
23352187
23375112
23574036
23642945
23936001
23985901
24063779
24134690
24912908
441711
7570884
8079368
8896191
10628285
10665992
10978736
11826163
12165044
12165047
12182542
12884267
15519751
17265902
17399793
17499645
20096908
20358687
20840850
23414173
24252544
8613234
1767899
1904199
1946598
6359574
6737775
7681644
7974711
8266156
8730340
9655642
10218750
16707924
17265904
18486170
18950654
19861283
472810
627856
2045641
7537590
8675476
8736137
10219986
12676300
12782091
17265901
18457854
20349164
486693
656831
1919428
2089742
2135490
2483713
2733617
2997459
3103794
3277335
3701904
4060176
6381754
6968356
7985197
7985198
8083405
8327649
9133709
9428185
9542817
9852651
11711130
11781603
12102539
12733849
12822263
14719029
15536056
15957391
16302722
16434468
16847503
17014559
17357384
17554446
17583756
17590073
17674318
17979730
18081448
18420371
18620959
18715121
18846756
19327376
19393681
19545426
19594209
19753762
19942067
20358686
20455317
20563508
20591352
20591353
20591355
20643156
20855420
21115460
21271609
21827516
21868049
21981407
22282736
22632635
23586640
547803
9747312
10519656
12045836
12227479
12782083
15013281
15361962
17320134
19287278
19375827
550868
1631797
1796474
1949067
2804475
7549984
8520523
11144814
11193194
11341509
12396470
12419508
12676437
12715081
15049103
16751793
17046041
18028735
19305361
3604842
16720640
16891681
16955829
19082377
626887
6302953
636935
3830286
10210033
637904
1527321
1607552
1646518
1740583
2229842
2522473
3154984
3310714
3389573
3592146
3624680
3662129
4008075
4008803
6638413
7400882
7929694
8058985
8156444
8182223
9257781
10696863
11097308
11207323
11280693
11436967
11527245
11964714
12067099
12861850
12872677
12938786
14629126
15147443
15203921
15650311
15984315
16197464
16197472
16310715
16396886
16433215
16446039
16496507
16689180
16724636
16825872
17163183
17265905
18005261
18042250
18264687
18468672
18693540
18845330
19562302
19663128
19910026
20094101
20121769
20177946
20543672
20945611
21132618
21658068
21721371
21969711
22136583
22794677
22812191
22851351
23095437
23194365
23405953
23889248
24210352
24294376
24999895
651762
3499037
12009098
12404853
15553173
17979733
22416129
23896012
2291986
2209234
2805953
3163298
3300562
3535061
6503980
7680521
7933697
8145382
8556923
8897062
11876881
11943932
12622893
12856578
15181847
15198899
15796836
16093731
16261883
16635411
16972594
17039794
17287638
19825915
20193529
20723437
20831989
21165693
21210254
21570870
21909815
22058009
22539379
24043672
24228100
24360185
12009099
6537796
10375387
12574817
21438646
22776193
1858314
2646751
2757285
12605206
15573035
19888893
3689023
7302727
12457878
21226389
698793
4367126
2345558
3774110
7381752
8390605
10840125
10896874
16133489
16195243
17870107
18037462
19910175
21215730
704929
3394161
9237338
14976206
15578998
16542451
17049426
17263764
18343613
19182763
19754129
19912232
20115929
20206729
20607799
21441754
21824078
21824083
22104467
23034652
23388064
1312788
1475278
2421873
2907541
12469190
14722669
15358153
15945120
16009513
16246304
16294747
16498630
17724887
18302330
18457054
19274512
19726870
19896266
21196415
21479973
21699070
22954649
23790040
23816641
24014474
24734522
866568
916351
943796
12815846
2307211
11449301
11574290
15763387
15769091
19585481
22142367
20363879
1211500
9711200
12051509
19569491
1276079
1937209
2084943
2613661
3975973
15771978
18631310
21035155
22302858
23565979
15389120
1443801
9028011
16707920
19594203
21537162
869011
7430990
8191932
9080875
9457071
10188967
12974396
14722941
15353234
16115696
17120027
18712720
18957871
19494529
20091267
22049183
22644854
23244070
23270323
885604
892607
3201482
5416814
6134557
7725329
7725331
7920980
8896200
9536646
9809993
10075062
12130983
12236549
12893063
16944610
17089911
19185478
20060404
20935398
21547500
22108716
22149216
22290258
22542475
24260823
5443968
7778131
7855655
9561625
9861409
17078988
2325197
2385744
2492816
7097398
7434080
7638876
12220714
12427109
16350838
19328509
21633044
21682684
23212048
20183534
923726
12843686
12457877
15364408
21417900
6335538
20591376
6366028
2707888
6224840
7375118
7499864
1218511
1242318
2530417
6381753
6503783
6669131
7603753
7846691
8211456
8731350
10228597
10695969
11282664
11383658
11965857
12175614
12322871
12368110
12368120
12467658
12864719
12967822
15054982
15151676
15372917
15455808
15645013
15685099
15796730
15824833
15953769
15984400
16914387
17265903
17300533
17425551
17877450
18028082
18359568
18689308
18788004
19041422
19375140
20006769
20363581
20506577
20600224
20849334
21307681
21450096
21534346
21684302
21762981
21975567
22052031
22082464
22116992
22479977
23572268
23597507
23718272
24561180
24836473
11043628
10326114
14676521
18190937
21303988
1297173
3376729
9709794
11902659
12130950
12503871
16427672
9868953
15051408
2087694
14999016
16569814
20860671
23218888
12809950
18311183
23692186
12964040
22009172
6193658
9100281
12782082
16182258
17101218
21577088
21749865
24356854
2207700
2326504
2345760
3963799
8783449
10594315
10822362
14693249
1605132
1897488
2601000
7906165
8914298
9688359
12639891
17351232
18216586
18647476
19701908
22782343
23692970
24020119
24311885
3001330
7762000
9543697
11277856
11545249
11948110
12412621
16857228
17145071
21946324
22322185
23202800
23471322
23715138
24196093
2916904
7446831
11384730
15109884
18604304
20073325
23713821
1351283
1352619
1357615
1360619
1974028
2578711
2869072
2869597
2879213
2888425
2897074
2904646
7888824
8099877
9360353
9558547
9887916
11314837
11474731
11837877
12358578
12676441
12698031
14661686
14719425
15449561
16012438
16083205
16124840
16548492
16884407
17078314
17599126
18089481
18801721
18831428
19489968
21722240
21738993
21777663
21821138
22162597
22361384
22361521
23089113
23258458
23536767
6152151
8713006
12174784
14634600
15109889
16165181
19429250
20305955
2905061
15486809
23351716
2873626
15220193
9011143
15331551
21293084
14725490
10773722
18590783
19129973
19516017
20364359
21138529
21953084
22735756
23621446
24326363
2930463
21694700
1401645
2321813
2324412
9018443
9109704
9662108
11130146
12078845
15801251
16538941
18596594
19492665
19852199
6367751
10573766
12660058
20806997
22824368
2185577
12064982
1446167
12180804
1454022
6664472
16706636
1467032
1740816
7801338
8744988
10492617
11280223
15736551
16202438
19552066
19703520
22792229
16504599
22826029
1519251
8138962
9655630
9655633
11430545
22172144
10340833
21168790
3453132
8227855
9109709
9195533
9515600
9949326
10478615
10843426
10856159
11400609
11422133
12069385
14972669
16045862
16585893
16916722
17165267
17338896
18727621
20112605
21596704
18717054
21114197
22705119
23363701
2522474
4037258
16207099
16580601
17963128
19801830
21743232
21830140
22079475
11145670
11717451
2565189
6136175
6801104
7067070
8357470
10219425
14705851
19934093
1609938
8487693
9093629
19335471
17627607
23958314
1655375
7525794
2564268
16584366
22780958
12182541
17077153
17320922
19201132
19505494
23351163
2992719
1746631
17402502
12532190
1765297
2347204
3283426
3929520
23906760
10378282
17964518
18492290
23728174
19096932
1844945
12163905
2723986
8215129
1890261
10065242
17870108
18334612
21539704
22222861
23972874
24365141
9011167
11799266
12201901
12398066
12592316
14635383
15373161
17952752
18174648
19327932
20975288
21131009
21598724
22948338
23173621
23982560
2481750
16988207
8491579
6482641
15902919
19151195
19326440
7817829
8236159
1949069
15939487
17518783
20666855
23290881
7164112
16982358
22283655
21225218
23962099
7985202
8115801
11107900
12771244
14559086
16198389
17992415
18368270
21085881
22415117
22958286
1988658
17074116
17664390
2181224
7536862
10619183
11030442
20424219
21382493
10886114
15243294
2028471
9821016
10444963
17335414
18500184
21748231
23499925
2048153
2890512
17379054
18053320
18534303
20060851
21660077
23444782
24477544
12782078
16374859
21333670
12011799
2087485
9792167
14529519
19836641
9218677
15687982
2116797
19940980
9835628
14529486
15028774
16202636
17325515
20494360
22650224
23228832
7638877
20451988
20595468
22890734
22960549
23665605
2927238
15916735
2231840
2231841
19576255
2584906
9452286
17914147
2260099
7555240
10944460
14577332
15844712
9314534
11525706
15648790
15800419
19606002
21740134
10931125
22687474
23587180
23710144
24087853
11990168
12403218
17657372
17710993
20637219
6822252
16225138
15180477
18829977
19473240
21682750
21956711
9092604
15379997
15923220
17761162
15985821
2522969
2623192
16979678
18377785
2572075
8817810
9617874
18433818
18451579
19545971
23702624
2800879
3317538
9237335
16373073
21959940
22659142
15072239
2661327
2670712
10909168
11878133
12618751
15106079
16283132
16724635
17335884
18070166
19364334
19627278
20334904
21055658
23529459
23750435
23799331
24088073
2703689
10027577
16484515
16529340
17109672
20979668
22257299
18516973
20639730
20537836
8246155
19193822
12172710
19264087
20559304
21632815
21793303
14727383
14992323
15879053
8788436
12076080
21512659
23435195
6129332
18619501
19782067
20686848
19073224
19074620
7325415
9470293
16266376
17130676
3177741
8560501
8930341
11165532
18561910
21350217
21394037
22983217
3257850
16446169
8150389
12841560
20591372
23289356
11315406
3367819
15775723
3629616
12733854
19375485
3408530
8283161
11719879
15521621
16496490
19681776
20854675
21145353
24102941
19703814
21487080
22068258
22440997
22589391
22836857
3518529
3627455
9209224
11348818
17437935
11906482
19395584
20178049
7846692
18440503
3833008
7978535
7998660
12825843
20642208
4035501
4060180
7273669
22441089
21868437
22352727
22495094
8784725
9247999
11712704
7573709
15911942
18356348
6144703
11060815
12625572
16845440
17566392
17662202
18500914
19719703
20465123
22158422
22725703
22853443
23697475
24923102
11235817
16457861
6301872
7402816
14705838
23283277
6363539
7975131
9861376
19689415
18608297
6534743
12569717
21658450
18266113
6740433
18093209
9537776
11720652
15301303
16892788
17441797
20485157
7080054
15240633
15578997
19530373
17292977
14709577
16225115
16539838
16599651
16703976
18050098
18227325
18366507
18366508
18781995
19034250
19070267
19668287
19740270
22082570
22996851
23039299
23537340
23999971
7258075
11602282
7331888
8752202
9663693
11379401
16328169
18289296
19502781
7368013
7570895
7611559
7660450
9423222
22771951
7575040
17016596
23638903
11450339
17156231
16985091
7687114
7801334
7985204
8153960
10029868
12174777
15313850
16828898
18845177
19470319
21216851
23425609
11159876
7707908
11856115
16757519
21400563
7722810
20045606
23174519
12499053
19477168
20889259
22306793
23285945
10871336
14687481
15857299
17114797
20688733
19010337
19166832
10446992
23378223
18633100
23159951
9211477
10731440
17717191
10834782
11405155
16825870
16889279
17620826
19217731
20069971
20100187
20109740
20543675
20610978
21554093
21659864
21848758
21861175
17693653
11405281
20890557
22450487
22683677
20701896
24363240
17017851
17979731
20151774
23984793
11925119
12784188
15967102
19120286
8436956
17168706
18703053
20002322
16776670
18286468
22231250
8599189
11430886
12542459
15627431
16225359
18518786
20048438
22608964
22725651
22869352
23470283
23713957
24139484
24148893
20410202
21253697
23709595
15509485
8787280
8835336
16183882
8874543
16229835
21952314
17323791
18620956
10757347
18551312
16549562
11529902
17392587
22723841
23394512
9196765
9861375
11405280
16278786
17619527
18622276
19092720
20554932
20580422
21138825
22017240
22565812
22669803
22683137
23141817
24039406
19459763
19930004
20557887
22441815
22492091
23078638
23166441
23522121
11005650
9285935
9286608
15634863
22681705
12221071
12819025
20068138
21284481
22013105
19906483
15690125
16877732
21185076
11404233
12736719
14700743
15155141
15343588
15346979
15386269
15504997
15562141
15811484
15831781
15855571
15855572
15860408
15929678
16060703
16100297
16137221
16144950
16154233
16230722
16341288
16370928
16447056
16492205
16534527
16634116
16643856
16722815
16772206
16776749
16776751
16782054
16788334
16859392
16953843
17020425
17098089
17125767
17130484
17160407
17195423
17201111
17220786
17292559
17319471
17342635
17353504
17355742
17360951
17404349
17425627
17428109
17541529
17581835
17584962
17595353
17673522
17705687
17713050
17872344
17896900
17909374
17919559
17931093
17940451
18087791
18158075
18173970
18218179
18237357
18291606
18347527
18363534
18366986
18374122
18394265
18444920
18460557
18463034
18473991
18491986
18512528
18519266
18525067
18533126
18555933
18561773
18603639
18630617
18662495
18694484
18782641
18786299
18793576
18803987
18822227
18828960
18957626
18977255
18984744
19005394
19019476
19022515
19048830
19060555
19084986
19095598
19104401
19164583
19194050
19203299
19210140
19217320
19236187
19243286
19260377
19277932
19278373
19287346
19322980
19383034
19421968
19446153
19454385
19515413
19545590
19558363
19573122
19624785
19640359
19695400
19706990
19719716
19732121
19748064
19756973
19758357
19770100
19808924
19836346
19846744
19905038
19911661
19930005
20019445
20019672
20060451
20082536
20107105
20152707
20184107
20197503
20200309
20206728
20215461
20298625
20298778
20332351
20332357
20332358
20357372
20382777
20399326
20425675
20447851
20460445
20463421
20464538
20484613
20530705
20598606
20598608
20615102
20616619
20624837
20644202
20646668
20682680
20701787
20736238
20738033
20795946
20809667
20841306
20854385
20874425
20878660
20887303
20929995
20977576
21030101
21034377
21048339
21126761
21129350
21142268
21144822
21158486
21194600
21205127
21208359
21215253
21219119
21227526
21255526
21266202
21270189
21285388
21307137
21320263
21323903
21334333
21334413
21359201
21410858
21410975
21415845
21434995
21461562
21472764
21487412
21515323
21557790
21563878
21574000
21595277
21601480
21612070
21615670
21641071
21645507
21645806
21652029
21663496
21719364
21730278
21732798
21742605
21751887
21751893
21810596
21856602
21871831
21892855
21892858
21901364
21902291
21904106
21905764
21920963
21957486
21961484
22040840
22051096
22056400
22067476
22068250
22071295
22074017
22076596
22085180
22100840
22146227
22150224
22155457
22158421
22170618
22209597
22210563
22216894
22227407
22232377
22236411
22246377
22268550
22321776
22338110
22344551
22354133
22356440
22357185
22363635
22365085
22369345
22375612
22382611
22405265
22405266
22416857
22420869
22429273
22432107
22432846
22435393
22446132
22464691
22471248
22476196
22492036
22496084
22496442
22503954
22510305
22519390
22530845
22533526
22540883
22561689
22566747
22608106
22634071
22644981
22675341
22687869
22716195
22732108
22735035
22762797
22774922
22789767
22793669
22804841
22808453
22825226
22827554
22831885
22831918
22845701
22862847
22884767
22913891
22913892
22921965
22925173
22931974
22945360
22960075
22960288
22960403
22982784
22983684
23000581
23010561
23019799
23031623
23039898
23059457
23061470
23061886
23078126
23094590
23099275
23122871
23139373
23155627
23186969
23186975
23191935
23220706
23229855
23236362
23256660
23275363
23291680
23295502
23314196
23332026
23340146
23345437
23349500
23357334
23364453
23365557
23433305
23440284
23471935
23473527
23553357
23562866
23578605
23613987
23616105
23640454
23640946
23642290
23645886
23659201
23711049
23713182
23744726
23747732
23748506
23748507
23748508
23748861
23784159
23865382
23868944
23891516
23895999
23971789
23976850
23981106
23984340
23986202
24075786
24101584
24107779
24113668
24114868
24140611
24144329
24156868
24201448
24249759
24263424
24351817
24353307
24369764
24371833
24402015
24558765
24565847
24584550
24800522
11000661
16112094
21558004
11504572
15282656
17324135
19663823
18687300
10560310
16729916
17156477
10472589
15271178
10578128
22316204
10666519
10692631
15212625
16489373
16503720
16716870
16849624
17063978
17078783
17131701
18685354
18715748
19500276
19563256
19682321
20119460
20413151
21041028
21267038
21740292
21992243
22126177
22748108
24369063
10685395
15279578
15578999
17640618
21419143
22204425
16863930
17323383
22349023
11069525
11136521
15083930
19640231
21971370
11260536
11273516
11476408
19261682
12779076
17382461
21605586
12477723
12575843
16553103
20920516
22963729
12666187
12706360
12901235
16507218
17277694
17470857
18281665
18616418
18981465
19114005
20336348
20371685
20439646
20648558
20839028
21049281
21636344
21739168
21788343
21914576
22517399
22668797
22752690
22976135
22989076
23060541
23152080
23354807
23948974
24014381
17101210
15867867
12914822
17076997
17724013
17622601
20631270
23489968
16776321
14559073
14691344
20107300
16725344
20414522
15379605
23247061
15517037
16410922
19495521
24014571
15621486
15662966
16689186
17192476
15936218
16038768
20433834
16154696
16188169
18473757
19579421
21372151
21484979
22128031
23258125
23392214
23775764
23827952
24092637
17620827
21370719
19264509
16459191
16538909
16971704
16635436
16702615
17044011
18367236
17101979
17498836
23384361
22098810
17610575
23537331
20800631
21609675
17659472
20669004
21434348
23360634
18820816
22220205
18285467
18587450
18596592
19610266
18930073
19558072
22210051
22549390
22919734
19749091
20526637
20682774
20869019
21206257
21495889
21811552
21834748
23460475
21997891
22188869
22308707
22774506
23015777
23535750
23827690
24301496
